/*--------------------------------*- C++ -*----------------------------------*\
| =========                 |                                                 |
| \\      /  F ield         | OpenFOAM: The Open Source CFD Toolbox           |
|  \\    /   O peration     | Version:  2.1.x                                 |
|   \\  /    A nd           | Web:      www.OpenFOAM.org                      |
|    \\/     M anipulation  |                                                 |
\*---------------------------------------------------------------------------*/
FoamFile
{
    version     2.0;
    format      ascii;
    class       faceSet;
    location    "constant/polyMesh/sets";
    object      upperTriangularFace;
}
// * * * * * * * * * * * * * * * * * * * * * * * * * * * * * * * * * * * * * //


8639
(
0 
16385 
32770 
2 
16387 
32776 
16392 
16395 
32780 
16397 
32782 
15 
16399 
32784 
16401 
32786 
32788 
21 
16408 
25 
32794 
27 
32798 
30 
16414 
32800 
32803 
16420 
32805 
16422 
16424 
43 
32812 
16430 
47 
16436 
55 
32825 
57 
16443 
61 
32832 
16451 
71 
73 
75 
32846 
80 
32850 
32853 
86 
89 
91 
16476 
93 
16478 
32863 
95 
32865 
97 
16482 
99 
16484 
32869 
101 
16488 
105 
16490 
32880 
112 
16496 
114 
16506 
32891 
123 
16508 
16510 
32896 
129 
131 
137 
139 
143 
32915 
16532 
32917 
151 
153 
16538 
32925 
157 
16542 
162 
164 
166 
169 
16556 
175 
32944 
177 
179 
16564 
181 
32953 
16574 
191 
16576 
32963 
16579 
197 
32966 
16582 
16584 
32969 
16586 
32971 
16590 
209 
32978 
16595 
32983 
215 
16600 
217 
32986 
221 
16612 
16616 
237 
16622 
33007 
16626 
33011 
243 
16628 
245 
16632 
16634 
33019 
251 
16636 
255 
33025 
257 
33027 
33029 
261 
263 
16648 
265 
269 
271 
275 
277 
16663 
281 
283 
285 
16669 
33054 
289 
33059 
33061 
293 
295 
16680 
297 
16682 
299 
301 
33070 
16689 
307 
16691 
313 
16697 
33083 
33085 
317 
321 
16706 
323 
325 
16711 
329 
16715 
333 
337 
339 
16726 
345 
347 
33119 
351 
16735 
16737 
355 
359 
16745 
33131 
365 
16749 
367 
16753 
373 
16757 
33143 
375 
377 
16761 
16763 
381 
16768 
385 
387 
389 
16774 
16776 
393 
16778 
33163 
395 
33167 
401 
33171 
403 
16788 
405 
33182 
415 
33185 
33187 
419 
16806 
33191 
16808 
425 
427 
33197 
429 
16813 
33199 
16815 
33201 
33203 
435 
16819 
33205 
439 
33209 
441 
33211 
443 
445 
16830 
33215 
449 
453 
455 
33226 
461 
33233 
16849 
16855 
33241 
33243 
16859 
33245 
477 
16861 
479 
481 
483 
16867 
33258 
16875 
499 
501 
33271 
503 
507 
33276 
16893 
16895 
513 
33284 
33286 
33288 
16904 
521 
523 
16907 
525 
33297 
529 
531 
16915 
33301 
16917 
541 
16925 
543 
16927 
545 
33314 
33317 
16936 
554 
33323 
556 
558 
33327 
16943 
560 
562 
33335 
568 
570 
16954 
33339 
582 
16967 
33352 
16971 
33357 
16973 
591 
16975 
593 
16977 
595 
597 
33366 
603 
33375 
613 
16998 
615 
619 
17004 
17006 
17008 
625 
17010 
17014 
631 
633 
635 
637 
17022 
639 
17024 
641 
17026 
643 
17028 
17030 
647 
649 
651 
17036 
653 
33425 
658 
17042 
661 
17046 
663 
17048 
17050 
33436 
670 
33439 
17056 
17058 
676 
17062 
682 
17072 
689 
693 
695 
697 
33466 
17082 
17084 
703 
17088 
17090 
17092 
17094 
17096 
17098 
17100 
17102 
17110 
727 
17112 
17114 
731 
33500 
33502 
17118 
735 
17120 
737 
17122 
33507 
739 
17124 
17126 
33516 
17132 
17136 
753 
17140 
759 
17146 
763 
33532 
17148 
765 
767 
17152 
769 
17154 
17156 
17158 
33544 
776 
17160 
17162 
33547 
780 
17164 
782 
17166 
784 
17168 
17170 
33556 
788 
17172 
33558 
17174 
792 
17176 
17178 
796 
17180 
798 
17182 
17184 
17186 
33573 
806 
17190 
33577 
810 
33580 
17196 
17198 
816 
17200 
818 
33587 
820 
33589 
822 
33591 
17208 
33593 
17210 
33595 
17212 
33597 
830 
17214 
17216 
834 
17218 
17220 
838 
17222 
842 
17226 
17228 
33614 
17232 
33618 
17236 
17238 
33624 
17240 
33626 
33628 
17244 
862 
33632 
864 
17248 
866 
868 
17254 
872 
874 
882 
17266 
33651 
884 
17270 
33656 
888 
17272 
33658 
890 
17274 
892 
894 
17278 
17280 
898 
17282 
33667 
900 
33669 
902 
904 
17292 
916 
918 
920 
17304 
924 
33693 
926 
17310 
17312 
930 
17316 
33702 
17318 
936 
17322 
33708 
940 
942 
17328 
33714 
946 
17330 
948 
17332 
33718 
17334 
17338 
956 
958 
17342 
960 
17344 
962 
17346 
17348 
966 
17352 
970 
972 
974 
33743 
976 
17362 
980 
17364 
33750 
982 
17366 
984 
986 
17370 
33756 
17372 
990 
33760 
33762 
17378 
33764 
17380 
997 
33766 
17382 
33768 
17384 
17386 
33772 
17388 
17390 
1007 
17392 
1011 
33780 
17396 
17398 
1015 
33784 
17400 
1017 
33788 
17404 
1021 
33790 
1023 
17408 
1025 
33794 
1027 
17412 
1029 
1031 
17415 
1033 
17417 
17418 
1037 
33806 
33808 
1043 
33813 
33815 
1047 
33817 
1049 
17435 
33821 
17437 
33823 
1055 
17439 
33826 
33828 
17448 
33835 
17454 
1071 
17456 
33841 
1073 
17458 
17460 
1077 
17462 
33849 
17466 
33851 
1085 
33857 
1089 
1093 
17478 
33865 
1097 
33867 
17483 
1103 
33872 
33874 
1107 
17497 
33882 
33884 
1117 
17501 
33886 
1121 
17505 
1123 
17507 
33894 
17511 
1131 
17515 
17517 
33903 
1135 
17521 
17523 
33909 
1141 
17525 
17527 
1145 
1147 
1149 
17533 
33919 
17539 
17541 
1159 
17543 
33928 
1161 
1165 
17549 
33940 
1173 
17557 
17559 
1177 
1179 
1181 
17565 
1183 
17567 
1185 
33955 
33957 
33959 
1191 
17577 
1195 
1197 
17581 
33967 
1203 
33974 
33976 
1211 
33980 
1213 
33984 
1217 
1219 
17603 
1221 
33990 
1223 
17607 
17609 
33994 
1227 
33996 
33998 
1231 
34001 
17617 
17619 
34006 
1239 
1241 
17627 
1245 
1247 
17631 
1249 
17633 
34019 
1251 
17637 
1255 
17639 
1259 
17643 
1261 
17645 
34033 
1265 
17649 
34035 
1269 
17653 
34040 
17657 
34042 
17659 
17664 
34051 
1285 
17669 
1287 
17673 
1291 
17675 
1293 
1295 
1297 
34066 
1305 
17689 
1309 
1311 
17695 
17697 
34082 
1315 
34084 
17701 
1320 
1322 
17706 
1324 
17708 
34095 
1328 
1332 
17716 
1334 
17720 
34105 
17722 
17724 
1343 
34112 
17728 
1345 
34114 
17730 
1347 
34117 
1349 
1351 
34120 
17738 
34123 
1355 
17740 
1357 
1359 
34129 
34131 
1363 
17748 
1365 
34134 
1367 
17752 
17754 
1371 
17756 
34141 
17758 
34143 
1375 
17760 
1377 
1381 
1383 
17768 
17770 
1387 
34157 
17776 
34161 
1393 
17778 
1395 
1397 
17782 
17784 
34169 
1401 
1403 
1405 
34174 
17796 
34181 
1413 
34183 
17799 
1417 
34187 
17803 
1421 
17805 
34191 
34193 
1425 
17809 
1427 
1429 
34198 
17815 
1435 
1437 
17821 
34206 
1439 
17823 
17827 
17829 
34214 
1449 
17833 
34218 
1451 
17835 
34220 
17837 
34224 
1457 
17841 
1459 
17843 
34228 
1461 
17845 
34230 
1464 
34236 
1468 
1470 
1472 
17859 
1476 
17861 
34246 
34248 
1482 
17867 
34252 
17869 
1486 
34256 
17875 
34260 
34262 
1494 
17881 
34266 
34268 
17885 
1502 
17887 
1504 
34274 
1506 
34276 
1508 
34278 
34282 
1514 
17899 
34284 
17901 
34288 
1522 
17907 
17909 
17911 
34296 
17913 
34298 
1530 
17915 
34300 
1532 
17917 
34302 
1536 
34306 
1540 
1542 
1544 
17929 
1546 
1548 
17932 
1550 
17934 
17936 
1556 
34326 
1558 
1560 
17945 
34330 
1562 
17949 
34334 
1566 
17951 
34336 
1568 
17953 
1572 
1574 
34345 
1577 
1580 
34351 
1583 
34353 
17974 
17976 
1596 
1598 
17985 
34370 
17987 
1604 
17989 
1606 
1608 
1610 
34379 
1612 
17996 
1614 
1616 
18000 
1618 
1620 
1622 
18008 
1626 
18010 
18014 
1632 
34401 
1636 
18026 
34412 
1647 
18031 
34418 
34420 
1652 
1656 
34425 
34431 
1663 
1665 
18049 
1667 
1669 
34438 
34441 
18057 
1675 
1687 
18073 
34458 
1690 
1691 
34460 
34463 
1697 
18081 
1699 
18083 
34468 
1701 
18085 
34470 
18087 
18089 
1708 
1712 
1714 
34483 
1717 
18101 
34487 
18103 
18105 
34490 
1722 
34492 
1727 
34496 
18113 
34498 
1730 
18116 
1738 
1740 
18125 
1743 
18127 
1745 
18129 
1749 
18133 
34518 
1751 
18139 
34527 
1759 
18143 
1761 
18147 
34532 
18149 
1766 
34535 
1769 
18153 
1771 
18155 
1775 
34544 
18161 
1781 
1783 
18167 
34553 
1785 
1787 
34556 
18172 
1795 
18179 
1799 
34568 
18184 
18186 
18188 
1805 
18190 
34576 
1809 
1812 
18197 
1814 
34583 
1816 
34585 
18201 
1819 
18204 
34591 
1823 
1825 
18209 
1827 
18211 
34597 
1831 
18215 
34603 
18220 
34609 
1841 
34613 
1845 
18230 
34615 
1847 
34617 
34619 
18236 
34621 
1853 
34623 
1857 
18242 
34627 
34629 
18246 
34631 
18248 
18254 
1871 
34641 
18258 
34643 
18260 
34645 
1877 
18264 
34649 
1881 
1883 
34653 
1885 
18269 
34655 
1887 
18273 
1891 
1893 
34664 
34666 
34671 
34673 
1906 
18291 
1908 
18293 
34678 
18295 
34680 
1912 
18299 
1918 
18303 
34688 
18305 
34690 
18309 
18311 
34696 
1928 
18313 
1930 
18315 
34704 
18321 
34706 
1938 
18323 
34708 
1940 
34710 
1942 
34712 
18329 
34714 
1946 
34718 
1950 
18334 
1952 
18336 
34722 
18338 
34726 
1960 
34730 
1962 
18347 
34732 
1964 
34734 
18351 
34738 
1970 
18355 
1972 
18357 
34742 
1974 
34744 
1976 
34746 
18365 
34750 
34752 
18369 
34754 
1986 
34756 
18373 
34758 
34760 
34762 
1996 
18381 
34766 
1998 
2000 
34770 
34772 
2004 
2006 
18391 
34776 
34778 
2012 
18397 
34782 
18399 
34784 
34786 
18403 
2022 
18407 
34792 
2026 
34796 
2028 
34798 
34800 
34802 
34804 
2036 
18423 
2040 
34810 
2044 
34814 
18430 
34816 
2048 
2050 
18434 
34820 
2052 
18436 
34822 
18438 
2056 
18440 
34826 
2058 
18444 
2062 
18446 
34832 
34834 
2066 
34836 
2068 
2070 
18454 
18456 
34842 
34844 
2076 
34846 
2078 
18462 
34848 
2080 
34850 
2082 
34852 
34856 
2088 
34858 
2090 
18474 
2092 
18477 
34862 
18481 
34866 
2098 
18483 
2102 
2104 
2106 
2108 
2110 
2116 
2121 
34890 
18507 
34892 
2125 
18509 
2127 
18511 
34896 
2129 
18513 
34898 
2133 
34902 
2137 
34906 
18523 
34908 
18525 
2143 
2147 
18531 
34916 
34918 
34920 
18536 
34922 
2155 
2157 
18541 
34926 
34928 
2161 
18545 
2163 
2165 
18549 
34934 
18551 
34936 
18553 
2171 
34941 
18557 
18559 
2177 
18561 
34947 
2179 
18563 
34949 
18567 
2185 
34955 
2187 
34961 
2193 
18577 
2197 
34967 
2199 
34973 
2208 
34977 
2212 
34981 
18600 
34985 
2218 
2220 
34989 
18605 
34991 
34993 
18609 
2226 
18611 
2228 
34999 
35001 
18617 
35003 
35005 
2238 
35007 
2240 
18624 
2242 
18626 
18628 
35013 
2246 
2248 
18633 
35019 
2251 
18637 
2255 
35025 
18642 
2259 
18644 
35029 
2261 
35033 
35035 
18651 
35037 
18653 
2272 
35041 
2274 
35043 
18659 
18661 
35046 
2280 
18665 
35050 
2284 
18669 
35054 
2286 
18671 
35056 
35058 
2290 
18675 
2292 
35062 
2298 
35068 
2304 
35074 
2306 
18690 
2308 
18692 
2312 
35082 
2314 
18698 
2316 
35086 
2318 
2320 
35092 
2324 
18710 
35096 
35098 
2330 
18716 
35102 
18718 
35104 
2336 
18723 
35108 
35112 
2344 
18729 
2346 
2348 
35118 
2350 
18734 
35120 
2352 
18739 
2356 
2358 
18744 
35130 
18747 
18749 
35134 
2366 
18755 
2374 
35148 
2380 
35150 
18769 
2386 
35158 
35160 
35164 
2396 
35166 
35170 
2404 
2406 
35176 
18793 
2410 
35180 
2412 
2414 
2416 
35186 
35188 
35190 
2422 
18808 
35194 
35196 
2428 
18812 
2432 
18817 
18819 
2436 
35206 
2438 
35208 
35210 
2444 
35214 
18830 
35218 
35220 
35224 
18840 
2458 
35228 
18845 
35230 
18847 
2464 
18849 
2466 
35236 
2470 
18856 
18858 
2475 
35244 
35246 
2481 
2483 
35252 
2485 
35254 
18871 
35256 
2489 
35258 
2491 
2493 
35262 
2495 
2497 
2499 
18883 
2501 
35270 
2503 
35272 
2505 
2507 
35276 
2509 
35278 
2511 
2513 
18897 
2517 
2519 
35289 
2523 
35293 
2525 
35295 
2527 
18912 
18914 
2531 
2535 
35305 
2537 
2539 
35309 
2541 
2545 
2547 
18931 
2549 
18933 
35319 
2551 
18936 
2553 
2559 
35329 
35331 
2563 
35335 
2567 
2569 
18954 
2571 
35341 
2575 
35347 
2581 
2583 
35353 
35359 
18976 
35361 
18978 
35363 
35367 
35371 
35373 
35375 
35377 
2609 
18993 
18995 
35381 
2613 
2615 
18999 
2621 
35390 
2623 
2625 
2629 
2631 
2633 
35403 
2635 
19020 
2637 
2643 
19027 
35412 
2645 
2647 
35417 
19033 
2655 
35425 
2659 
35428 
19046 
35431 
2663 
19048 
2667 
2669 
2671 
35440 
2673 
19060 
35445 
19064 
35449 
2681 
35455 
2690 
35461 
2694 
19078 
35463 
2696 
35467 
2700 
19085 
2702 
35471 
35475 
2708 
19093 
2710 
19095 
19097 
35482 
19099 
35484 
2716 
19101 
2720 
19105 
35492 
2724 
19109 
35494 
35496 
35498 
2730 
19114 
35500 
19116 
35502 
2734 
35504 
2736 
19120 
35506 
2738 
19122 
19124 
2741 
35510 
19126 
19128 
2745 
2747 
35516 
19132 
2749 
35518 
19134 
35520 
2753 
35522 
35524 
19142 
35527 
2759 
35529 
35531 
2763 
35533 
19150 
2767 
19152 
35537 
2769 
19154 
2771 
19156 
19158 
35545 
35547 
2779 
19164 
35549 
35551 
19168 
35553 
19172 
2789 
35559 
2792 
19176 
35561 
2794 
19178 
35563 
2796 
19180 
35565 
35567 
19184 
35569 
2802 
19186 
35571 
2804 
19188 
35575 
19192 
19194 
35579 
2814 
19202 
35587 
19204 
35589 
35591 
2824 
35593 
2826 
35595 
2828 
35597 
2830 
35599 
2832 
35601 
19218 
35603 
19220 
35605 
35607 
2841 
19226 
35611 
19228 
35613 
19230 
35615 
2847 
35617 
2849 
19234 
35619 
35621 
2853 
19240 
19242 
2859 
2861 
19246 
35631 
19248 
35633 
2865 
35635 
19252 
35637 
19254 
35639 
2871 
19256 
35643 
2877 
19262 
35647 
35649 
19266 
19268 
35653 
2885 
2889 
19273 
35659 
2891 
2893 
19277 
35663 
2895 
35665 
19281 
35667 
2899 
2901 
35671 
19287 
2905 
2907 
19291 
2909 
2911 
19295 
19297 
35683 
35685 
2917 
19301 
35687 
2919 
2921 
19305 
35691 
2923 
19307 
2925 
2927 
19311 
2929 
2931 
19315 
35700 
2933 
19317 
2935 
2937 
19321 
35709 
19327 
35713 
2945 
19329 
35715 
19331 
35717 
19333 
19335 
2953 
35725 
2957 
19341 
35727 
2959 
19343 
35729 
2961 
35733 
2965 
19349 
2967 
19351 
2969 
19353 
2973 
19357 
2975 
35745 
19361 
35747 
2979 
35749 
35751 
2984 
35753 
2986 
35757 
2990 
35759 
19375 
2992 
19377 
2994 
2996 
19383 
3000 
35769 
19385 
3004 
35773 
19389 
3006 
35775 
19391 
3008 
19393 
3010 
19395 
35781 
19397 
3014 
19399 
3016 
35787 
35791 
35793 
3026 
3028 
35797 
19413 
35799 
3032 
19417 
3034 
35803 
19419 
3036 
19423 
35808 
35810 
3044 
19429 
35814 
35816 
3048 
19433 
35818 
3052 
19443 
35829 
3062 
35831 
35833 
19449 
3066 
19451 
3068 
35837 
19453 
19455 
19457 
3076 
35845 
19463 
3084 
19469 
3086 
35855 
35857 
3090 
3092 
35861 
19477 
3094 
35863 
19479 
3096 
19481 
35867 
3100 
35869 
3102 
19489 
35875 
19491 
3108 
35877 
19493 
3110 
19497 
35884 
3116 
19501 
3118 
19503 
35888 
3120 
19505 
35890 
3122 
35892 
3126 
19511 
3128 
35898 
3130 
19515 
3132 
35902 
3134 
3136 
35908 
35912 
3144 
19529 
35914 
3146 
19531 
35916 
3148 
3150 
19537 
19539 
3156 
19543 
19545 
19549 
35934 
3166 
19551 
19555 
19557 
35942 
35944 
19560 
35946 
3178 
35948 
3182 
35952 
3184 
35954 
3186 
19571 
3190 
19575 
35962 
3194 
3196 
3198 
3200 
19585 
35970 
19587 
19589 
3208 
35980 
3212 
3214 
3216 
3220 
19605 
3226 
3228 
19614 
35999 
3232 
19616 
3234 
3236 
19620 
36005 
3238 
19622 
3240 
19624 
3242 
19630 
19632 
19636 
36021 
36023 
3256 
3258 
19644 
36029 
3262 
19646 
36031 
3265 
36035 
19652 
3270 
19654 
3274 
19658 
3276 
3278 
19662 
3280 
19664 
36050 
19666 
36052 
3284 
36054 
3286 
36058 
3290 
19674 
36060 
3292 
19676 
36062 
19678 
36064 
36066 
19684 
3301 
3303 
36072 
3305 
19690 
19692 
3309 
19696 
3313 
19698 
3315 
3317 
19702 
3321 
3323 
19712 
3329 
3331 
3333 
19720 
19722 
3339 
36108 
3341 
19726 
19728 
36113 
3345 
19730 
3347 
19734 
3352 
19736 
3358 
19742 
19744 
36130 
3362 
3364 
36134 
36136 
3368 
3370 
3375 
19760 
3377 
3387 
3391 
36161 
3394 
36163 
19782 
19784 
3401 
19786 
3403 
19788 
36173 
19790 
3407 
19792 
36177 
19794 
19796 
36181 
19798 
36183 
19800 
3417 
19802 
19806 
36192 
19808 
3427 
36198 
3431 
36200 
19816 
19820 
3437 
19822 
36207 
19824 
19826 
3443 
3446 
19830 
3449 
19834 
3451 
19836 
36222 
3457 
36226 
19848 
3466 
19850 
3470 
19854 
36242 
36244 
19863 
19865 
3485 
19869 
3487 
19873 
19875 
36260 
3493 
3495 
36266 
3499 
36268 
3501 
3505 
3509 
19893 
3511 
19895 
19897 
3515 
36285 
3519 
3523 
3525 
19911 
3528 
19914 
36299 
3537 
19923 
19931 
36320 
3553 
19937 
36322 
19939 
3557 
36326 
3559 
19945 
36330 
36332 
36334 
3568 
19952 
3570 
36340 
36342 
3574 
36344 
3576 
19961 
36346 
3578 
36348 
3580 
36350 
3583 
36352 
19968 
19970 
3587 
36356 
36358 
3592 
19976 
36362 
3594 
19982 
3599 
36368 
19984 
36370 
19988 
36373 
3606 
19990 
19992 
36378 
19994 
3614 
36384 
20000 
20002 
3620 
20004 
3625 
3627 
3629 
36399 
3631 
3633 
20017 
3635 
36404 
36407 
20023 
3641 
36411 
3643 
36413 
3645 
20029 
3649 
36421 
3656 
3658 
3660 
3664 
3667 
36437 
20053 
36439 
3672 
36443 
3679 
3681 
20067 
36454 
3686 
3688 
3694 
36463 
3699 
20083 
20085 
3703 
20087 
36473 
20089 
3707 
20091 
20093 
36478 
3711 
3713 
20097 
36482 
3715 
3719 
20103 
3721 
3723 
3725 
20109 
3729 
20113 
20115 
3735 
36505 
3741 
20125 
36512 
3745 
36514 
20131 
20135 
3756 
20142 
36528 
3760 
36530 
3763 
3765 
36534 
36536 
20152 
36538 
3770 
36540 
20156 
36542 
36544 
3776 
20160 
36548 
3784 
3786 
20176 
3795 
36565 
3797 
20181 
36569 
3801 
20186 
3803 
20189 
36574 
3807 
20193 
3810 
3812 
3816 
20200 
3818 
36588 
3821 
36591 
3823 
20207 
20210 
3827 
20212 
3829 
20214 
3833 
3835 
20220 
3837 
20222 
20224 
3841 
36610 
20226 
36612 
20228 
3845 
20230 
3847 
36618 
20236 
3854 
3856 
20240 
20242 
3859 
20244 
20248 
3865 
3868 
36638 
36640 
3872 
36644 
3876 
3880 
20264 
36649 
3882 
36651 
3884 
3888 
20273 
3890 
3892 
20276 
3898 
20284 
20286 
36672 
3904 
20288 
36676 
20292 
3912 
36689 
36692 
3924 
36694 
3926 
36696 
36698 
3930 
3932 
20319 
3936 
36709 
3944 
20329 
36714 
3946 
36716 
20333 
36718 
3950 
36720 
3952 
3954 
3956 
3960 
36731 
36737 
36740 
20358 
36746 
3978 
3980 
3984 
20371 
3988 
20373 
3994 
3998 
20386 
20392 
20396 
4014 
20398 
20400 
4018 
36787 
4022 
4024 
4026 
20411 
36800 
4032 
20417 
4034 
36803 
4036 
36805 
4040 
4042 
20430 
36816 
4048 
4052 
4054 
20439 
36826 
4062 
20451 
4068 
20453 
4070 
20459 
36846 
20462 
4082 
4086 
36855 
4088 
36857 
4094 
20481 
36866 
20483 
4102 
20487 
20489 
20491 
4110 
4112 
4116 
4120 
4122 
20507 
4126 
36896 
4128 
20515 
20517 
20519 
20521 
36906 
36910 
4144 
20529 
20531 
4148 
36917 
20533 
4153 
4155 
20539 
20541 
20543 
36929 
20545 
4163 
20547 
36936 
4169 
36938 
4171 
36940 
4173 
20557 
4175 
20560 
4179 
36948 
4181 
36950 
20566 
36952 
20568 
4187 
20572 
4189 
20574 
20576 
4193 
20578 
36963 
20580 
4197 
20582 
4201 
20586 
36977 
4211 
20598 
20600 
20606 
4223 
36992 
20610 
4227 
4229 
20614 
37001 
4235 
20620 
37005 
4237 
37009 
20626 
20628 
4245 
20630 
37015 
37017 
20634 
4252 
4254 
20638 
20640 
20642 
37030 
4262 
20646 
37032 
37034 
4266 
20650 
37036 
20652 
4270 
37040 
4272 
20657 
4276 
4278 
4282 
4284 
20671 
4288 
20673 
20675 
4292 
20677 
4294 
20681 
4298 
20683 
4300 
20685 
4302 
20689 
4306 
4309 
20693 
4311 
4314 
4316 
20701 
4319 
20703 
4321 
20705 
20707 
20709 
4328 
20713 
4330 
20715 
20719 
4338 
20723 
4340 
20727 
4344 
4346 
20731 
20735 
4354 
4356 
20741 
4358 
20743 
20745 
20747 
4364 
4366 
20751 
20753 
20755 
4374 
20759 
4380 
4382 
20767 
4388 
20773 
4390 
4395 
20779 
4400 
20785 
4402 
20787 
4404 
20789 
4406 
20791 
4408 
20793 
20795 
20797 
4414 
20803 
4420 
4422 
4424 
20809 
4426 
20811 
20815 
4432 
20817 
4434 
20819 
20821 
20825 
20829 
20833 
20835 
4452 
20837 
4454 
20843 
20847 
4470 
4474 
20858 
4476 
4478 
4480 
20866 
20870 
4488 
20872 
4490 
20874 
4496 
4498 
20882 
20886 
20890 
20892 
4512 
20896 
4516 
20900 
20902 
20906 
4524 
20910 
4533 
20919 
4536 
20923 
4540 
4542 
20933 
20941 
20949 
4570 
20955 
4574 
20959 
4576 
20961 
4578 
20963 
4580 
20965 
20967 
4584 
4588 
20973 
4590 
4592 
4594 
20979 
4596 
20981 
4598 
4602 
4604 
20988 
20990 
20992 
4610 
20994 
20996 
4613 
20998 
4616 
21002 
4621 
4623 
21012 
4631 
21022 
4639 
21024 
21026 
4643 
21030 
4647 
21032 
4649 
4651 
4653 
21040 
4657 
21042 
4661 
21046 
4663 
21048 
21050 
21052 
4669 
4673 
21060 
4677 
4679 
4681 
21068 
4685 
21070 
21074 
21078 
21080 
4697 
21082 
4699 
21086 
4703 
21088 
4705 
4707 
21092 
4709 
4711 
21096 
4713 
4715 
4717 
4719 
21104 
4723 
21110 
4729 
4737 
21122 
4739 
21124 
4741 
21128 
21134 
4753 
21140 
4761 
21148 
21150 
4767 
21152 
4769 
4771 
4773 
4775 
4777 
4779 
4789 
4791 
21175 
21177 
21179 
21181 
21183 
21185 
4805 
21189 
21195 
21199 
4816 
4818 
21205 
21207 
4826 
21213 
4834 
21219 
4836 
21223 
4842 
4844 
21229 
4846 
4848 
21233 
21235 
4852 
21237 
4854 
4870 
4874 
4876 
4878 
4882 
21267 
21271 
21273 
4891 
4893 
21277 
4895 
4897 
4901 
4903 
21290 
4909 
21297 
21301 
21303 
4922 
21307 
21309 
4926 
4930 
21315 
21319 
21321 
21325 
4942 
4944 
21329 
4946 
21335 
21337 
4955 
21339 
21341 
4960 
21345 
4962 
4964 
21349 
21351 
4969 
21353 
4971 
21355 
4973 
21357 
4977 
4979 
21364 
4981 
21366 
4983 
4985 
21370 
4987 
4989 
4995 
21380 
4997 
4999 
21384 
5001 
21386 
5003 
5005 
5007 
5009 
21394 
5011 
21396 
5013 
21400 
5017 
21406 
5023 
5027 
21412 
5029 
5031 
21416 
5033 
21418 
5035 
21420 
21422 
21428 
5045 
21430 
5047 
5051 
5053 
5058 
5060 
5065 
5067 
5069 
21453 
21459 
5077 
21463 
5081 
21465 
21467 
5087 
21471 
5091 
5093 
5097 
5103 
5107 
21491 
5109 
5111 
21495 
5113 
5117 
21502 
5119 
5127 
5129 
21516 
5133 
21522 
5141 
5143 
5145 
21531 
5151 
21542 
5159 
5163 
5167 
5169 
21555 
21557 
5175 
21560 
5177 
5179 
5181 
5183 
5185 
21569 
5187 
21578 
5195 
21580 
21583 
5205 
5207 
5209 
5211 
5213 
5215 
21601 
5219 
21609 
5227 
21611 
5231 
21616 
5233 
5235 
5237 
5243 
5251 
5253 
5255 
5257 
21641 
21643 
21647 
5265 
21649 
21651 
21655 
5277 
21661 
21663 
5281 
21665 
5283 
5287 
21671 
5289 
5291 
5293 
21677 
21679 
5297 
5301 
21686 
5303 
5305 
5307 
5319 
21705 
5324 
21711 
5330 
5332 
5334 
5338 
21723 
5340 
21725 
5342 
5346 
5348 
5350 
5354 
21740 
5358 
5360 
21744 
5364 
5366 
5368 
5372 
5376 
5380 
5382 
5384 
5386 
5388 
21772 
21774 
5392 
21776 
5396 
5398 
5400 
21784 
5402 
21786 
21788 
21790 
21792 
5410 
21794 
21796 
5416 
21800 
5420 
21804 
21806 
21808 
5426 
21810 
5428 
21812 
21816 
5434 
21818 
21820 
21822 
21824 
5442 
21828 
21830 
5448 
21832 
21834 
5452 
21838 
5460 
5462 
21846 
21848 
21854 
5472 
21856 
5474 
21860 
21862 
5480 
5482 
21866 
21868 
21872 
5490 
21876 
5494 
21878 
21880 
21884 
5502 
21886 
5504 
21890 
21892 
5510 
5514 
21898 
21900 
5518 
21902 
21904 
21906 
5524 
21908 
5526 
21910 
5530 
5532 
5534 
21918 
5536 
5540 
5542 
21926 
5544 
21928 
21932 
5550 
21934 
21936 
5554 
5556 
5558 
21942 
5560 
21944 
5562 
5564 
5566 
5568 
21954 
5572 
5578 
21964 
21966 
21968 
5588 
5594 
5596 
21982 
5600 
21984 
5602 
21988 
5606 
21990 
21992 
5610 
21994 
21998 
22000 
5618 
5620 
22004 
5622 
22008 
5626 
22010 
5630 
5632 
22016 
5634 
5636 
5638 
22022 
5640 
5642 
22028 
5646 
22032 
5650 
5654 
5656 
22040 
5658 
22042 
5660 
22044 
5664 
22048 
22050 
22052 
5672 
5674 
22058 
5676 
22062 
22064 
5682 
5684 
22068 
5686 
22070 
5688 
22072 
5690 
22074 
5692 
22076 
5696 
22080 
22082 
5702 
22088 
22090 
5710 
22094 
5712 
5716 
5718 
22102 
5720 
5722 
5724 
5726 
22110 
5728 
22112 
5734 
22118 
5736 
22122 
5740 
22124 
22130 
22132 
5750 
5752 
22136 
22138 
22142 
5760 
5762 
5766 
22152 
5770 
22154 
22156 
5775 
22162 
5781 
5785 
22170 
5787 
22172 
5789 
5792 
5794 
22178 
22180 
22182 
5801 
22186 
5805 
22192 
5811 
5813 
5817 
22202 
22206 
22208 
5825 
22212 
5829 
22214 
5831 
5835 
5837 
22224 
5841 
5843 
22228 
22232 
5851 
22236 
5855 
5869 
22253 
5871 
5873 
22257 
22259 
5879 
22265 
5883 
22267 
5885 
22269 
22271 
22273 
5891 
5893 
22277 
22279 
5897 
5899 
22284 
5901 
22286 
22290 
22292 
5909 
22294 
5911 
22296 
5913 
22298 
5915 
22300 
22302 
5919 
22306 
5923 
22310 
5927 
22312 
5929 
5931 
5935 
22320 
5937 
22324 
5943 
22328 
5945 
22332 
22334 
5951 
22336 
5953 
5955 
22340 
5957 
5959 
22344 
22348 
5967 
22352 
5969 
22354 
5971 
22356 
5981 
22366 
22368 
22372 
5990 
22374 
5992 
22376 
5994 
22380 
6000 
6002 
22386 
6004 
6006 
22392 
6010 
6012 
22400 
22402 
22404 
6022 
22408 
22410 
6029 
22414 
6031 
6035 
22420 
6037 
22424 
6041 
22428 
6045 
22432 
6050 
6052 
22436 
22440 
6059 
6061 
22446 
6063 
6065 
22450 
6070 
6072 
22458 
6076 
6080 
22464 
6084 
6086 
6088 
6090 
6094 
22478 
22480 
22482 
22486 
6104 
22488 
6106 
22492 
6110 
6112 
22500 
6118 
6120 
6122 
6124 
6126 
22510 
6128 
22514 
6132 
22516 
6134 
22518 
6138 
22522 
22524 
6142 
22526 
6144 
22528 
22532 
6150 
22536 
22538 
22540 
6158 
22542 
6160 
22544 
6162 
22546 
6166 
22552 
6169 
6173 
22558 
6175 
22564 
6183 
22568 
22570 
6187 
6189 
22574 
22576 
6193 
22580 
6197 
6199 
22585 
6203 
22588 
6205 
22590 
22593 
22597 
6215 
6217 
22601 
22605 
22607 
6225 
22609 
6227 
6229 
6233 
22618 
6235 
22620 
22622 
6239 
22624 
6243 
22628 
22632 
6249 
22634 
22636 
6253 
22638 
22643 
6262 
6264 
22648 
6268 
6270 
22655 
22660 
6278 
22662 
22664 
6282 
6284 
22668 
22670 
6288 
22672 
22674 
6298 
6302 
22687 
6304 
22689 
6306 
22693 
6310 
22695 
6316 
22700 
6318 
22707 
22711 
6328 
22713 
6332 
22717 
6334 
22719 
22723 
6340 
6342 
22727 
22729 
6350 
22737 
6354 
6356 
22740 
6358 
22742 
6366 
22750 
22752 
22756 
6374 
22758 
22760 
22762 
22764 
6384 
6386 
22770 
6388 
22772 
22774 
6392 
6396 
22783 
6400 
6402 
22787 
22789 
22791 
6408 
6410 
22795 
6412 
22797 
22799 
6418 
6422 
22808 
6428 
22812 
6432 
22817 
6434 
6438 
22823 
6440 
22825 
22829 
6446 
22831 
6448 
22835 
6452 
22837 
6454 
6456 
6460 
22847 
6464 
22849 
6468 
6470 
22855 
6472 
6474 
22859 
22861 
22863 
6482 
6484 
22869 
22871 
6488 
22873 
22875 
6498 
6500 
6502 
6504 
6510 
22894 
6518 
22902 
6522 
22906 
22908 
22910 
22912 
22916 
6536 
22922 
6544 
22929 
6550 
22938 
6556 
22940 
6560 
22944 
22947 
6564 
6566 
22953 
6572 
22959 
6578 
22963 
6582 
22973 
22975 
22978 
22980 
6598 
22982 
6600 
22985 
22989 
22991 
6608 
22995 
6612 
22999 
6618 
6624 
6626 
23012 
6630 
23015 
6632 
23019 
6638 
23022 
6640 
6642 
23028 
6647 
23031 
23034 
23036 
6653 
6657 
6663 
23049 
6669 
6671 
23056 
6675 
23060 
23062 
23064 
6681 
23066 
23071 
6689 
6691 
6695 
23080 
6697 
6699 
23084 
6701 
6703 
6707 
23091 
23093 
6711 
6713 
23097 
23101 
6719 
23103 
6721 
23105 
23109 
23111 
6729 
23113 
6731 
23116 
6733 
23120 
6739 
6741 
23126 
6743 
23129 
6746 
23131 
6748 
6752 
23138 
6756 
6758 
23142 
6760 
23146 
6764 
23149 
6768 
6770 
23157 
6774 
6776 
6780 
6782 
23167 
6784 
6786 
23171 
23173 
23175 
6792 
6794 
23179 
6797 
23185 
6805 
23191 
23194 
6811 
23196 
6815 
6817 
6819 
23204 
6821 
6823 
6829 
23213 
6831 
23217 
6834 
23219 
6836 
6838 
6842 
23233 
6850 
23244 
6862 
23246 
6866 
23250 
6868 
6870 
23255 
6878 
6880 
23264 
6882 
6884 
23272 
23274 
23276 
23280 
6901 
23286 
23288 
23290 
23292 
23294 
6911 
23300 
6921 
23308 
6925 
23310 
23312 
6929 
6931 
6933 
23318 
23320 
6937 
6939 
23324 
6943 
6945 
23336 
23342 
23344 
6963 
23348 
23350 
23352 
6969 
6971 
23356 
6975 
6981 
23366 
6985 
23372 
23374 
6991 
6993 
23378 
23380 
6997 
23382 
23384 
23388 
7007 
23394 
7013 
7017 
7019 
7021 
7023 
23407 
7025 
7027 
7029 
23414 
23416 
7033 
7035 
23419 
7037 
23421 
23423 
7041 
7043 
23427 
7049 
23433 
23435 
23437 
23441 
7059 
23443 
7063 
23447 
7065 
7067 
7069 
23455 
23457 
7076 
7078 
23462 
7082 
7084 
7086 
23472 
7090 
23476 
7094 
23480 
7100 
7104 
7106 
7110 
23496 
23498 
7116 
7120 
23504 
23506 
23508 
7126 
7128 
7132 
7134 
7136 
23522 
7142 
7144 
7146 
23531 
23535 
7152 
23537 
7156 
23541 
7158 
7160 
23545 
23547 
7166 
7168 
23553 
7170 
7172 
7176 
7178 
23562 
7180 
23567 
7186 
7188 
23572 
7192 
23581 
23583 
23587 
7205 
23589 
7207 
23591 
7209 
23593 
7213 
23600 
23601 
7218 
23606 
7224 
7226 
23610 
23612 
7230 
23615 
7232 
23617 
7234 
23619 
7238 
7240 
23631 
7249 
7253 
23644 
23646 
7264 
7267 
7273 
23661 
23668 
23670 
7287 
7291 
23678 
23680 
23682 
23684 
7301 
23686 
7303 
7305 
23690 
23692 
23698 
23700 
7317 
23702 
7319 
7321 
7323 
23708 
7327 
23712 
7329 
7331 
23716 
23722 
7339 
23730 
23734 
7351 
23736 
23740 
23742 
23744 
7361 
23748 
7369 
7371 
23755 
7373 
23757 
23763 
7381 
23765 
23767 
7387 
23773 
7391 
23775 
23777 
7397 
23781 
7401 
7403 
23787 
23791 
7409 
23793 
7411 
23795 
7415 
23799 
7417 
23801 
7419 
23803 
23807 
7425 
23809 
7427 
7429 
23813 
7431 
23815 
23817 
7435 
23823 
7443 
23827 
7445 
7449 
23833 
7453 
23839 
7461 
23845 
7463 
7465 
23849 
7467 
23851 
7469 
7471 
7473 
23859 
23861 
23863 
7483 
7485 
23869 
7487 
7489 
7491 
23875 
23877 
7495 
23879 
7497 
7499 
23885 
23890 
23892 
23895 
7512 
7514 
23899 
23901 
7518 
7520 
23905 
23907 
7524 
23909 
7526 
23911 
7528 
23915 
7534 
23919 
7536 
23921 
7538 
7540 
7542 
23927 
7544 
23929 
7546 
7548 
23935 
7552 
23937 
7554 
23941 
7558 
23943 
23945 
7563 
23947 
7565 
7567 
23951 
7571 
23957 
7576 
23963 
7583 
7585 
23973 
23976 
23982 
7601 
23987 
7605 
23989 
23991 
7609 
7611 
7613 
23997 
24000 
7617 
24007 
24010 
7628 
24012 
24014 
7632 
24018 
7636 
7638 
7642 
24026 
7644 
24028 
7646 
24032 
7649 
24037 
24039 
24048 
7667 
24052 
24054 
7675 
24060 
7683 
24067 
7685 
24069 
7687 
24071 
7693 
24078 
7695 
24080 
7697 
24082 
7699 
24084 
7701 
24086 
7703 
24092 
7713 
24100 
7719 
7725 
24110 
24112 
24116 
7733 
24118 
7737 
7739 
24124 
7741 
24126 
24128 
7745 
7749 
7755 
24140 
24144 
7763 
24148 
7765 
24151 
7771 
24162 
24165 
7782 
24167 
24169 
7788 
7792 
7794 
7796 
24180 
7800 
7808 
24194 
7813 
24198 
7817 
24202 
7823 
24208 
7833 
24218 
7837 
7839 
24225 
7843 
7847 
7849 
7853 
24238 
24241 
7859 
24243 
24248 
7867 
24252 
7869 
7871 
7873 
24258 
24260 
7877 
7879 
7881 
24266 
24268 
24274 
24276 
7893 
24278 
7899 
24284 
7901 
24286 
7905 
24291 
7909 
24295 
24297 
24299 
7917 
7921 
7925 
7927 
24311 
7929 
24313 
7933 
7937 
7941 
24325 
7943 
7946 
24330 
7948 
24333 
24336 
7967 
7971 
24360 
24362 
7979 
24364 
7981 
24366 
7983 
7985 
24377 
7995 
24379 
7997 
24381 
24386 
8003 
8005 
8007 
8009 
24394 
8011 
24402 
8019 
24404 
24406 
24408 
24410 
8029 
8031 
8033 
8035 
8037 
24421 
8043 
8045 
8047 
24431 
8056 
24440 
24443 
24445 
8062 
24448 
24450 
24456 
8073 
8075 
24460 
8079 
8081 
24465 
8083 
24467 
8085 
24470 
8087 
24472 
8089 
8093 
8095 
24480 
8097 
24484 
8101 
8103 
24488 
24490 
8109 
8111 
24498 
8115 
24500 
8117 
8119 
24507 
8125 
24511 
24515 
8132 
24522 
8140 
24524 
8142 
24528 
8146 
24533 
8150 
24535 
8152 
24539 
24541 
8158 
24543 
8160 
8162 
24547 
8164 
24549 
8168 
24555 
8172 
24557 
24559 
24561 
8178 
24563 
24565 
8182 
24567 
8186 
24571 
8188 
8190 
24577 
8194 
8198 
8200 
24585 
24587 
8208 
24592 
8210 
8212 
8214 
24600 
8218 
24604 
8222 
8224 
8226 
24611 
8228 
8232 
24616 
8234 
24618 
8236 
24622 
24624 
24626 
8243 
8245 
8247 
24632 
8249 
8251 
8253 
24638 
8259 
24644 
8263 
24652 
24654 
8271 
24658 
8275 
24662 
24664 
8282 
24666 
24668 
8288 
24672 
8290 
24680 
8297 
24682 
8301 
8303 
24688 
8307 
8309 
24694 
8311 
8313 
8315 
8317 
24702 
8319 
8323 
24708 
8325 
8332 
8336 
8340 
24724 
24726 
24728 
8346 
24730 
8352 
24736 
24738 
24740 
8360 
24746 
24748 
8366 
8370 
24754 
8372 
24756 
24760 
8378 
24762 
8382 
24766 
8384 
24768 
8388 
24774 
8392 
24776 
24778 
8396 
24780 
8398 
24782 
8400 
8404 
8406 
24790 
8416 
8418 
24803 
8420 
8422 
8424 
24808 
24810 
8430 
8436 
24822 
24824 
8442 
8444 
24830 
8448 
8452 
24838 
8456 
24840 
8458 
24844 
8462 
8468 
8470 
24856 
24860 
8477 
24862 
8481 
8483 
24868 
8491 
24876 
24878 
8496 
24880 
24884 
8502 
8504 
8508 
24892 
24894 
8524 
8526 
8528 
24914 
24916 
24918 
8540 
24928 
8550 
24934 
24938 
8555 
24940 
24942 
8567 
8569 
8571 
24956 
24958 
8575 
24962 
24964 
8581 
24966 
8585 
24970 
8587 
8589 
8593 
24978 
8595 
24980 
24982 
24984 
8603 
8605 
24990 
8607 
24994 
8611 
8615 
25000 
25002 
25004 
25006 
25008 
8628 
8630 
8632 
25017 
25023 
25025 
8646 
25031 
8650 
25037 
25045 
25049 
25051 
8674 
25058 
8676 
25060 
8678 
25063 
8686 
25070 
8688 
8690 
25075 
25081 
8699 
25084 
8701 
25086 
8703 
8705 
25092 
8711 
8713 
25098 
8719 
25105 
8723 
25110 
25116 
8733 
25118 
8735 
25120 
8739 
8741 
25125 
25127 
25129 
25131 
25135 
8763 
25147 
8765 
25153 
8772 
25157 
25159 
25161 
25163 
8787 
25171 
25173 
25175 
25177 
25179 
25181 
8800 
25185 
8808 
25194 
8812 
25201 
25204 
25206 
8824 
25209 
8831 
25221 
25223 
25225 
8842 
25229 
25231 
25233 
8853 
25241 
8858 
25250 
25254 
8871 
25256 
25260 
25270 
25272 
8893 
25278 
25280 
25282 
25284 
25286 
25288 
25290 
8907 
25292 
8912 
25296 
25302 
25304 
8922 
25306 
25308 
8926 
25310 
25312 
8930 
8932 
8934 
25318 
8936 
8938 
25322 
8940 
8944 
25328 
25332 
8950 
8952 
25338 
8956 
25340 
25346 
8966 
25350 
25352 
8970 
25354 
25356 
8974 
25358 
25364 
8982 
8984 
8986 
25370 
8996 
8998 
25382 
9000 
25386 
25394 
25396 
25398 
25400 
9018 
25405 
9022 
9028 
25415 
9032 
25421 
9038 
25423 
25425 
9042 
9044 
25429 
9046 
25431 
9048 
25433 
9050 
25435 
9052 
25437 
9054 
25439 
9056 
25441 
9058 
25449 
25451 
9068 
25455 
9072 
25457 
25459 
9076 
25461 
9078 
25463 
9080 
9082 
25467 
9084 
25469 
9086 
25471 
9088 
9092 
25479 
25481 
9098 
25483 
25485 
25487 
9104 
25489 
9106 
25491 
25493 
9110 
25495 
25497 
25499 
9116 
9118 
25503 
9120 
25505 
9122 
25507 
9124 
9126 
9128 
25513 
9130 
9132 
9134 
9136 
25521 
9140 
25525 
9144 
25529 
25531 
9150 
25535 
9152 
9154 
25541 
9158 
25545 
9162 
9164 
9168 
25553 
25555 
9172 
9174 
25559 
9176 
25561 
25563 
25565 
25569 
9186 
9188 
25573 
9190 
25583 
9200 
25585 
9202 
25589 
25591 
9208 
25593 
9210 
25595 
9212 
9214 
9217 
25601 
9219 
9221 
9223 
25607 
9225 
25609 
9227 
9229 
25613 
9231 
25615 
9233 
25617 
9235 
9237 
25621 
9239 
9243 
25627 
9247 
9249 
25633 
9251 
9253 
25637 
9257 
25645 
9263 
25647 
9265 
25651 
9269 
9280 
25667 
9284 
25669 
9286 
25671 
25673 
9290 
9292 
25681 
25683 
25685 
9302 
25687 
9304 
9308 
25693 
9310 
25695 
9312 
25697 
9314 
25699 
9316 
25701 
9318 
9320 
25705 
9322 
25707 
9326 
9328 
25713 
9330 
25715 
25719 
9342 
25727 
9344 
25731 
25736 
25738 
25742 
9362 
25746 
9364 
25748 
9368 
25752 
9370 
9374 
25760 
9380 
25764 
9382 
9384 
25769 
9386 
9390 
9392 
9394 
9396 
9398 
9400 
25785 
9402 
25787 
25789 
25791 
9408 
25795 
25797 
9414 
25801 
9423 
9425 
25809 
9427 
25812 
9429 
25814 
9431 
9433 
9435 
25819 
25821 
9439 
25823 
25829 
25831 
9449 
25836 
9453 
25840 
25844 
9461 
25846 
25848 
9469 
25856 
9473 
25860 
25862 
9479 
25866 
9483 
25870 
25872 
25874 
9491 
9493 
25878 
25880 
25882 
9499 
25884 
9503 
9507 
25894 
9513 
9517 
25902 
9519 
9521 
9527 
25912 
9529 
9531 
9533 
9535 
25919 
25922 
25926 
9543 
9545 
9547 
25932 
9551 
9555 
9557 
9559 
25944 
9563 
9565 
25950 
9567 
9569 
9573 
9583 
9585 
25970 
9587 
25972 
25974 
9591 
25976 
25978 
9595 
9599 
25984 
9605 
25989 
9607 
9609 
25994 
9613 
25997 
9615 
25999 
9621 
26006 
26012 
9631 
26016 
9637 
9639 
9641 
26025 
9645 
9647 
26031 
26035 
9652 
9654 
26040 
9658 
9662 
26047 
9664 
9666 
9668 
26055 
9672 
26057 
9674 
26059 
26061 
9678 
26065 
9682 
9688 
9690 
26075 
26079 
26081 
26083 
9700 
26085 
9702 
26089 
26092 
9710 
26095 
26097 
9714 
9716 
9719 
9721 
26106 
26108 
26110 
9729 
9731 
9733 
9735 
26119 
9739 
26123 
9741 
9745 
26130 
9749 
9753 
26138 
9755 
9763 
9765 
26149 
9769 
26153 
9771 
9773 
26159 
9777 
26161 
9779 
26165 
26167 
9785 
26171 
26177 
9795 
9799 
9801 
26188 
26190 
26192 
26194 
9813 
26198 
9815 
9817 
26201 
9819 
26204 
9825 
26209 
9827 
26211 
26213 
9831 
26217 
9835 
9837 
26221 
9839 
26223 
26227 
26229 
9847 
26231 
9849 
9851 
9853 
26237 
26240 
26242 
9859 
26245 
9863 
9865 
9869 
26253 
9873 
26257 
9875 
26260 
9879 
26263 
9881 
9889 
26273 
9891 
9893 
26277 
26280 
9897 
9903 
26294 
9913 
9915 
26300 
9917 
26302 
9921 
26306 
26308 
9927 
9929 
9932 
26316 
9934 
26318 
9936 
9938 
26322 
26326 
9944 
9948 
26332 
9950 
9956 
9960 
26344 
9962 
9966 
9970 
26354 
9974 
26358 
9976 
26362 
9980 
26364 
9982 
26366 
26374 
9991 
26378 
9995 
9997 
9999 
26384 
10002 
10004 
26388 
10006 
26390 
10008 
26392 
26394 
10011 
26396 
10013 
26398 
26400 
10017 
26402 
10019 
26404 
26410 
10027 
26414 
26416 
10033 
26418 
10035 
10037 
26422 
26424 
26428 
10045 
10047 
10049 
26436 
10057 
26442 
26446 
10063 
26448 
26450 
10067 
26452 
10069 
26454 
10071 
10073 
26464 
10087 
26472 
10090 
10092 
26478 
26481 
26483 
10100 
26485 
26487 
26489 
26491 
26495 
10113 
10115 
10117 
26503 
10121 
10123 
26507 
10125 
26511 
10129 
10131 
26515 
10133 
10135 
26519 
10137 
10139 
10143 
26527 
26529 
10147 
10151 
10153 
10155 
26539 
10157 
10159 
10161 
26545 
10169 
26553 
10173 
26557 
10175 
26559 
26563 
26565 
10183 
26567 
26569 
26571 
10189 
26573 
10191 
26575 
10193 
26577 
26579 
26581 
10198 
26583 
10200 
10202 
26587 
10204 
26589 
10206 
26591 
10208 
26593 
10210 
26595 
10212 
26599 
10216 
26601 
10218 
26603 
10220 
10222 
10226 
10228 
10230 
26615 
26617 
10234 
10236 
26621 
10238 
10242 
26629 
26631 
26633 
10250 
26635 
10252 
10254 
26639 
10256 
26645 
10262 
26647 
26649 
10266 
10268 
26655 
10274 
10280 
10282 
10284 
26670 
10290 
26674 
10292 
10294 
26678 
10296 
10298 
26682 
10302 
26686 
26688 
10316 
26705 
26707 
10324 
10326 
26711 
26713 
10331 
26715 
26717 
10335 
10337 
26721 
10339 
26727 
10347 
10349 
10351 
10353 
10357 
26742 
26744 
26745 
10363 
26753 
10371 
10373 
26757 
26760 
10377 
10379 
26763 
10381 
26767 
26769 
10387 
26771 
10389 
10391 
10393 
26777 
10395 
26781 
26784 
26789 
10407 
10411 
10413 
26797 
10415 
10419 
10423 
26807 
26809 
10429 
26823 
10443 
26827 
10449 
26833 
26835 
10455 
26841 
10459 
10461 
26847 
10465 
26851 
26853 
26857 
10475 
26861 
10479 
26865 
10483 
10485 
26869 
26871 
26873 
10493 
10495 
26881 
10499 
26883 
10501 
26885 
10503 
26887 
10507 
26891 
26893 
10511 
26895 
10515 
10517 
10519 
26905 
26907 
10525 
26909 
10527 
26911 
10529 
26913 
26917 
10535 
26919 
10537 
26921 
26923 
10541 
26925 
10543 
26927 
26929 
26931 
26933 
10551 
26937 
10557 
26941 
26945 
26947 
10565 
26949 
26951 
10569 
10571 
10573 
10579 
10581 
10583 
26969 
10587 
26971 
10591 
26979 
10599 
26983 
26985 
26987 
10605 
26989 
10607 
26991 
10611 
26995 
26997 
10615 
26999 
10617 
10619 
27003 
10621 
27005 
10623 
10625 
10629 
27013 
10631 
27015 
10633 
27017 
10635 
27019 
10637 
27021 
27027 
27030 
10647 
27032 
10649 
27035 
10653 
27037 
10655 
27039 
27042 
10659 
10661 
10663 
10667 
10669 
27054 
27060 
27062 
10679 
10681 
27065 
27067 
10686 
27070 
10690 
10694 
27084 
27086 
10703 
27088 
10707 
27092 
10711 
27097 
27099 
10717 
10719 
27104 
10721 
10723 
10725 
10729 
10731 
27116 
10735 
27119 
27129 
10747 
27131 
27136 
27138 
27144 
10761 
27146 
10763 
27148 
10765 
27150 
27152 
27154 
27156 
10773 
27158 
10775 
27160 
10777 
10781 
27166 
10785 
27170 
10787 
27172 
10791 
27176 
10793 
27178 
10795 
27180 
27184 
10801 
10803 
10805 
27192 
27196 
10815 
10817 
27203 
27205 
27207 
10826 
27211 
27213 
10830 
27215 
10834 
27219 
10840 
27225 
10842 
27227 
27229 
10846 
27233 
10850 
27235 
10853 
10855 
27241 
10859 
27247 
10866 
27251 
10869 
27255 
10873 
10875 
27261 
10881 
10883 
27271 
27273 
10891 
27277 
27279 
27281 
10899 
27283 
10903 
27287 
10905 
27289 
27291 
10909 
27293 
10911 
27295 
27297 
27299 
10917 
27303 
10921 
27305 
27307 
10925 
27309 
10927 
27313 
10933 
27317 
10936 
10938 
27323 
27325 
10945 
27329 
10947 
10951 
10953 
27337 
27343 
10961 
27345 
10963 
27349 
10967 
27355 
10973 
27361 
10983 
10987 
10989 
10991 
10993 
27378 
10995 
27380 
10997 
10999 
11003 
11005 
27391 
11009 
11011 
27395 
11013 
27397 
27401 
11019 
27406 
11027 
11029 
27418 
27422 
11039 
11041 
27426 
27428 
11045 
27430 
11047 
27432 
11049 
27434 
11051 
27436 
11053 
27438 
11059 
11061 
11063 
11065 
27449 
27452 
27456 
11073 
11075 
27462 
11079 
11081 
27466 
27468 
27470 
11087 
11091 
27476 
27478 
27480 
11097 
27484 
11101 
11103 
27492 
27496 
11113 
11115 
11119 
27504 
11123 
27508 
11125 
27510 
11127 
27512 
11131 
27516 
27518 
27520 
27524 
11141 
11143 
11147 
27532 
27538 
11155 
27540 
11159 
11161 
27546 
11165 
27550 
27552 
11169 
27554 
11171 
11175 
27562 
11179 
27564 
11185 
27572 
11189 
27576 
27580 
11197 
27582 
11199 
27588 
11205 
27590 
11209 
27594 
27596 
11213 
27598 
27600 
11217 
27604 
11221 
11225 
27610 
27612 
11229 
27614 
11232 
11236 
27622 
11238 
11240 
27626 
27628 
11244 
27630 
27632 
11254 
27642 
27644 
11260 
27646 
11262 
27648 
27652 
11268 
27658 
11274 
11276 
27662 
27664 
11280 
11282 
27668 
27670 
27672 
11288 
27676 
11292 
27680 
27682 
27684 
27686 
27688 
11306 
27692 
27694 
27696 
11312 
27700 
27702 
27704 
11324 
27712 
11332 
27718 
27722 
27724 
11342 
27728 
11344 
11348 
27734 
11354 
27742 
11358 
11362 
27749 
11366 
11370 
11374 
11378 
27766 
11384 
27770 
11386 
27772 
27774 
11390 
27778 
11396 
27784 
11402 
27788 
11405 
27790 
11407 
27792 
11409 
27794 
11411 
27796 
11415 
27802 
11420 
27806 
11422 
27808 
11426 
27812 
27814 
11430 
27816 
11432 
11434 
27820 
11436 
27822 
11440 
27834 
11454 
27840 
11456 
27842 
27844 
11460 
11462 
27851 
11468 
27857 
11476 
27861 
11478 
27863 
11480 
27865 
11482 
27867 
27871 
11488 
11490 
11492 
27878 
11494 
27882 
27884 
27886 
11502 
27890 
27894 
11516 
27902 
11518 
27904 
11522 
27908 
27910 
11526 
27912 
11528 
27914 
11532 
27918 
11536 
27922 
11538 
27924 
11540 
27926 
11542 
11544 
11546 
27934 
27936 
11552 
11554 
27944 
11560 
27946 
11562 
11564 
27950 
11566 
27952 
11570 
11574 
11576 
27962 
27964 
11580 
27966 
11582 
27968 
11586 
27972 
27976 
11596 
27981 
11598 
27983 
11600 
27986 
27990 
11606 
11608 
11612 
27997 
11614 
27999 
11616 
11620 
11622 
28007 
28009 
28011 
28013 
11630 
11632 
11634 
28020 
11636 
11640 
28026 
11644 
11646 
28031 
11648 
11650 
11652 
11656 
11658 
28043 
28046 
11664 
28051 
11672 
11674 
28059 
28061 
11678 
11687 
28083 
11703 
11709 
28094 
11713 
28098 
11715 
11717 
28103 
11719 
28105 
11725 
11727 
11729 
28116 
11735 
28120 
11737 
11739 
28124 
11741 
28126 
11743 
11749 
28137 
11757 
28142 
11761 
11763 
28151 
11767 
11769 
11771 
28163 
11779 
28165 
28167 
11783 
28171 
11797 
11799 
28185 
28187 
11803 
28189 
11805 
28191 
11807 
11809 
28195 
11811 
28197 
11813 
28199 
11815 
11817 
28203 
11819 
28205 
11821 
11823 
11825 
28211 
11827 
28213 
28215 
11831 
28217 
11833 
28219 
28221 
28223 
11841 
11843 
11849 
11857 
11859 
28246 
11865 
11867 
28254 
11871 
11873 
28258 
28262 
11879 
28264 
28266 
28268 
11887 
28272 
11891 
28276 
11894 
28280 
11896 
28282 
11904 
11906 
11908 
11910 
28296 
11912 
28300 
11916 
28302 
28308 
28310 
11928 
28314 
11933 
11935 
28322 
11939 
11941 
28328 
11945 
28330 
11949 
28334 
11951 
11953 
28338 
11955 
11957 
28342 
11959 
28344 
28348 
11967 
28352 
28354 
28358 
11975 
28360 
11977 
28362 
28366 
28368 
28370 
11986 
11990 
11995 
28382 
11999 
12001 
28386 
12007 
28394 
12011 
28398 
12017 
28404 
12021 
28406 
12024 
28410 
12026 
12028 
28414 
12030 
28416 
12033 
28420 
12038 
28424 
12041 
28426 
28430 
28432 
28434 
12050 
28436 
12054 
28442 
28444 
28448 
12074 
28462 
28466 
28470 
12094 
28484 
12100 
28486 
12102 
12104 
28490 
12106 
28492 
12110 
28499 
12116 
28502 
12126 
12128 
12130 
28517 
28519 
12136 
12140 
12144 
12146 
28531 
12148 
28535 
12152 
28537 
28539 
12156 
12158 
28543 
12160 
12166 
12172 
28558 
12174 
28560 
12176 
28562 
12178 
28564 
12180 
28568 
28570 
12189 
28574 
28578 
12195 
12199 
28584 
12201 
12203 
28590 
12209 
28594 
28596 
28598 
12217 
12219 
28604 
12221 
28608 
12225 
28610 
28612 
12229 
28614 
12231 
28616 
28620 
12237 
12239 
28624 
28626 
28628 
28630 
28632 
28634 
28636 
28638 
28640 
12260 
28646 
12262 
12264 
28650 
28656 
28658 
12274 
12280 
28668 
12284 
12286 
28672 
12290 
12292 
28680 
28682 
12300 
12302 
28688 
12306 
12308 
12310 
28696 
28702 
12318 
28706 
12322 
28710 
12326 
28712 
12330 
28718 
12336 
28724 
12340 
12344 
12346 
28731 
28733 
12358 
28745 
28749 
28751 
12368 
12370 
28755 
12374 
28759 
28761 
12378 
28767 
28769 
12386 
28771 
12388 
28773 
12390 
28775 
28777 
28779 
12397 
28783 
12399 
28785 
28787 
12403 
28789 
12405 
28791 
12409 
28795 
12411 
12413 
12415 
28803 
12421 
28809 
28811 
12427 
28815 
12431 
12433 
12437 
12439 
28825 
12441 
28827 
28829 
28831 
12448 
28833 
28835 
12452 
28837 
12454 
12456 
28841 
28843 
12460 
28845 
28847 
12464 
28849 
12466 
28859 
12476 
28863 
28865 
12486 
28871 
12488 
12490 
12492 
28877 
12496 
28883 
12500 
12504 
12506 
12510 
28895 
12512 
12516 
12518 
28904 
12522 
28908 
28910 
12526 
28914 
12530 
28918 
12534 
12536 
28922 
12540 
28926 
12544 
28932 
12548 
28934 
28936 
12552 
28938 
12554 
28940 
12556 
28944 
12561 
28946 
12563 
12569 
12571 
12573 
28963 
12579 
12581 
28971 
12587 
12593 
28979 
28981 
28983 
12601 
28987 
28989 
12605 
28991 
28993 
12609 
28995 
12611 
28997 
12613 
28999 
12615 
29001 
29003 
29005 
29007 
12623 
29009 
12625 
29011 
12629 
29015 
12633 
29019 
12635 
29021 
29023 
12639 
29025 
12641 
29027 
29029 
29031 
12647 
12651 
12655 
29041 
12657 
29043 
29051 
12669 
12671 
12673 
12675 
12679 
29065 
12681 
29067 
12683 
12685 
12687 
29073 
12689 
29077 
29079 
29081 
12701 
12705 
29090 
29092 
12709 
29094 
29096 
12713 
29098 
29100 
29102 
29104 
29106 
29108 
12725 
29110 
12727 
29112 
12731 
29120 
12743 
12745 
12747 
12751 
29143 
29145 
12763 
29156 
12774 
29162 
12778 
29164 
12782 
12784 
29170 
29174 
12791 
12793 
29180 
12797 
29186 
29188 
29190 
29194 
29198 
12815 
29200 
12817 
29202 
12819 
12823 
29208 
12825 
12827 
29212 
29214 
12831 
29216 
12837 
29222 
12839 
12841 
12843 
29228 
12845 
29230 
29232 
12849 
29235 
12851 
29237 
12857 
12859 
12861 
12869 
29255 
12873 
29259 
29261 
12879 
29265 
12881 
12883 
12885 
29271 
29273 
12889 
12895 
29281 
12897 
29283 
12899 
29287 
12905 
29291 
12909 
29295 
12917 
29303 
12919 
12923 
12925 
29311 
12927 
29313 
12931 
12935 
29321 
12937 
29323 
12939 
12941 
29327 
12943 
29329 
29331 
12949 
29339 
12955 
29341 
29345 
12963 
12965 
29351 
12967 
29355 
12971 
29357 
12973 
12975 
12977 
29363 
12979 
29365 
29367 
12983 
12985 
12987 
29373 
12989 
12991 
29377 
12993 
29379 
12995 
29381 
12999 
29385 
29387 
13005 
29391 
13007 
13011 
29397 
29399 
13015 
29403 
13019 
29405 
29407 
13023 
13025 
29411 
29413 
13029 
29415 
13031 
29417 
13033 
29419 
13035 
29421 
13037 
13039 
29425 
13041 
13043 
29429 
29431 
29433 
29435 
13051 
29437 
13053 
13055 
29441 
13057 
13059 
29449 
29451 
13070 
29457 
13073 
13077 
29463 
29465 
29469 
13085 
29471 
29473 
29475 
29479 
29481 
29485 
13101 
29487 
13103 
13105 
29491 
29493 
29495 
13111 
13113 
29499 
29501 
13117 
29503 
29507 
13123 
29509 
13125 
29511 
13129 
13131 
13133 
29519 
13135 
13137 
13139 
29525 
13141 
13143 
29529 
13145 
29531 
29533 
13149 
13151 
13153 
13155 
29541 
13157 
29543 
13164 
13166 
29553 
13169 
13173 
29559 
29561 
13179 
29566 
29569 
13185 
29571 
13189 
29576 
13192 
29578 
29580 
13198 
29586 
13202 
29588 
13204 
29590 
29592 
29594 
13210 
29596 
29598 
13216 
29604 
13220 
29608 
13224 
29610 
13226 
29612 
13228 
29616 
13232 
13234 
29620 
29624 
13240 
29626 
29628 
13245 
29630 
13247 
29632 
13249 
13251 
13253 
29638 
13255 
13257 
29644 
29646 
13263 
29652 
29658 
29666 
29668 
29670 
13286 
13290 
29676 
13292 
29678 
29680 
13296 
29682 
29690 
29692 
13308 
29694 
29696 
13312 
29698 
13314 
29702 
13318 
29704 
13320 
29706 
13322 
13324 
13326 
13330 
29718 
29724 
29726 
13342 
29728 
13344 
13348 
29734 
13350 
29736 
13352 
29738 
13354 
29740 
13356 
29742 
13360 
13364 
29750 
13366 
13368 
29756 
13372 
29758 
29762 
13378 
29764 
29768 
29770 
29772 
13388 
13390 
13392 
13396 
29782 
29784 
13400 
29788 
29790 
13406 
29792 
13408 
29794 
13412 
13414 
29800 
29802 
29804 
13421 
29808 
29810 
13427 
29812 
29816 
29820 
13437 
13439 
29824 
13441 
29828 
13445 
29830 
13447 
29832 
13450 
29836 
13452 
29838 
29840 
13456 
29842 
13458 
29844 
29846 
13462 
29848 
13464 
29850 
13466 
29852 
13468 
13472 
13474 
13477 
29862 
29866 
13482 
29871 
29877 
13494 
29879 
13496 
29881 
29883 
29885 
13502 
29889 
13510 
29895 
13512 
13514 
29899 
29901 
13520 
13522 
29907 
29909 
29911 
29913 
13530 
29915 
29917 
13538 
29923 
13540 
29925 
13542 
13544 
29929 
13546 
29933 
13550 
13552 
13554 
29941 
13559 
29945 
29947 
13563 
13567 
29953 
29955 
13571 
13577 
29963 
13579 
13583 
13585 
29971 
29973 
29975 
29977 
29979 
13595 
29981 
13599 
13601 
13603 
29989 
29991 
13607 
29993 
13609 
29995 
13613 
29999 
13615 
30002 
13621 
13623 
30008 
30010 
13630 
30017 
13634 
13636 
30023 
13642 
30028 
13646 
13648 
13652 
30037 
13654 
13658 
13660 
13662 
30047 
13664 
13666 
30051 
30053 
13670 
30055 
13672 
30057 
13674 
30059 
13676 
30065 
13686 
30072 
13688 
13690 
30076 
13692 
30078 
30080 
13696 
13700 
13702 
13704 
13706 
13708 
30094 
30096 
13714 
30100 
13716 
30102 
13720 
13724 
30110 
30112 
30114 
13730 
13732 
30122 
13738 
30124 
30126 
13742 
30128 
13746 
30132 
13748 
13756 
30144 
13760 
30146 
13762 
13764 
30150 
30152 
13768 
30154 
13770 
13772 
30158 
13776 
30162 
13780 
30166 
13784 
13790 
30177 
13794 
30185 
13804 
30191 
13808 
13810 
30199 
30201 
13818 
30203 
13820 
30205 
30207 
30209 
30211 
13831 
13836 
30221 
30223 
30225 
30227 
13844 
13846 
30231 
30233 
30235 
30237 
13858 
30243 
13860 
30245 
13862 
30249 
13866 
30251 
13870 
30255 
30257 
30259 
13876 
13878 
30263 
13882 
30267 
30269 
13888 
13891 
30276 
30278 
30280 
13897 
30284 
30286 
13902 
13904 
30290 
30292 
30296 
13915 
30300 
30302 
13919 
13921 
30306 
13925 
30312 
13929 
13937 
30324 
13940 
30326 
13942 
30328 
30330 
30332 
13949 
30334 
13951 
30336 
13955 
30340 
30350 
30352 
13968 
30354 
13972 
30360 
30364 
30366 
13983 
13991 
13993 
30378 
30382 
14005 
30390 
30392 
30394 
30398 
30402 
30404 
14021 
30408 
30410 
30412 
30414 
30416 
14032 
30418 
30422 
14040 
30426 
14042 
14044 
30430 
30434 
14054 
30442 
14058 
30446 
14062 
30448 
30450 
30452 
14069 
30454 
14071 
30456 
30458 
14075 
30462 
14079 
14081 
30466 
14083 
14085 
30472 
14089 
30474 
30476 
30478 
30480 
14099 
30484 
30490 
14107 
30494 
14111 
30496 
30498 
14115 
30500 
30507 
14123 
30509 
14125 
30513 
14129 
30517 
14133 
30519 
14135 
14137 
30523 
30525 
14141 
30527 
14143 
30529 
14147 
14149 
14151 
14153 
30539 
14157 
14159 
14165 
30551 
14167 
30555 
14171 
14173 
14175 
14177 
14179 
30564 
14181 
14183 
30572 
14189 
14193 
14195 
30582 
14198 
30586 
14204 
14206 
14208 
30596 
14212 
30598 
14216 
30602 
30604 
14220 
30606 
14222 
14224 
14226 
14228 
14232 
14240 
30627 
14244 
30629 
14246 
14248 
14254 
30641 
14262 
30647 
14266 
30651 
30653 
30655 
30659 
14276 
30663 
14282 
30667 
14284 
30669 
14288 
30673 
30675 
30677 
30679 
14296 
30681 
14298 
14302 
14306 
30693 
14310 
30695 
14314 
30699 
14316 
30703 
14320 
30715 
14331 
30719 
30721 
30723 
14342 
30729 
14347 
30737 
14353 
14355 
30743 
14359 
30747 
14363 
30749 
14365 
14367 
14369 
14371 
30757 
14373 
14375 
14377 
30763 
14383 
30769 
30771 
14389 
14391 
30777 
14397 
30782 
30784 
14401 
30786 
30788 
14405 
30790 
14407 
30792 
14410 
14412 
30800 
14416 
14420 
14422 
30808 
14424 
30812 
30814 
30816 
14432 
30818 
30820 
30824 
30826 
14442 
30828 
14444 
14446 
30832 
14450 
30836 
14452 
30842 
14460 
30848 
14464 
30852 
14468 
14470 
30856 
30858 
14474 
30860 
14476 
30862 
14478 
30864 
14480 
30868 
14486 
14488 
30874 
30876 
14495 
30880 
14497 
30884 
14501 
30886 
30888 
30890 
14507 
14509 
30894 
30896 
14514 
14518 
30904 
14520 
30906 
14522 
30910 
14526 
30912 
14528 
14532 
14536 
30924 
14540 
14542 
30930 
14546 
30932 
14548 
30934 
14550 
30936 
30938 
14554 
30947 
30949 
14568 
30953 
30955 
14572 
14574 
30959 
30961 
14578 
14580 
30965 
30967 
14584 
30969 
14586 
30971 
14588 
14590 
14592 
30979 
30981 
14598 
30983 
14602 
14604 
30989 
30991 
14608 
14610 
30995 
14612 
30997 
14614 
14616 
31001 
14618 
14621 
14626 
14628 
31013 
14630 
31015 
14632 
14636 
31021 
14640 
31025 
14642 
14644 
31029 
31031 
14648 
14650 
31035 
14652 
31037 
14656 
31042 
31044 
31046 
14663 
14665 
14669 
14671 
14673 
14677 
31062 
31064 
31066 
14685 
31070 
14687 
31072 
14691 
31076 
14693 
31078 
14695 
14697 
31082 
31084 
14703 
31088 
14705 
14707 
31092 
14709 
31094 
14711 
31096 
14713 
31098 
14715 
31102 
14719 
31104 
14721 
14723 
31108 
14725 
31110 
14727 
14729 
31114 
31116 
14733 
31118 
14737 
31126 
14743 
14745 
31130 
14749 
31134 
14751 
31136 
31138 
14755 
31140 
14757 
31142 
14759 
31144 
14761 
14763 
31148 
14765 
31150 
31156 
14773 
14775 
31160 
14777 
31162 
14781 
14785 
31170 
14787 
31172 
14791 
14793 
14795 
31181 
31183 
14799 
14801 
31186 
14803 
14807 
14809 
31194 
14813 
31198 
14815 
14817 
31202 
14821 
31206 
14823 
31214 
14831 
14833 
31224 
31226 
14846 
31232 
31234 
31240 
14859 
14863 
14865 
31253 
14869 
31255 
31257 
14876 
31261 
14878 
31263 
31265 
14883 
31271 
14887 
31273 
14889 
31275 
14893 
31279 
31281 
14897 
14899 
31285 
14901 
31287 
31289 
31291 
31293 
31297 
14913 
31302 
31304 
14920 
31306 
14922 
31310 
14926 
31312 
31314 
14930 
14936 
31321 
31328 
31331 
14948 
31333 
14950 
31336 
14954 
14956 
31342 
14958 
31344 
31346 
14962 
31348 
14966 
14968 
31354 
14970 
31356 
31358 
14976 
31362 
31364 
14980 
31366 
14984 
31372 
31374 
14992 
31380 
31382 
14998 
15002 
31388 
15004 
15006 
15008 
15012 
31398 
15014 
31400 
15016 
31404 
15020 
31408 
15024 
15026 
15028 
31414 
15030 
15032 
31418 
15036 
31422 
15040 
15044 
31430 
15048 
31434 
15051 
31436 
31438 
31440 
15057 
31442 
15061 
15065 
31452 
15069 
15073 
15081 
31466 
31468 
31470 
31472 
15091 
31480 
15105 
15107 
15111 
15115 
15119 
15121 
15123 
31509 
15129 
15131 
31517 
15133 
15135 
15137 
15139 
31525 
15141 
31527 
15143 
15145 
31531 
15149 
15151 
15155 
15157 
15159 
15163 
31549 
15165 
15167 
31553 
15169 
31555 
31557 
15173 
15180 
31571 
31573 
31575 
31577 
15194 
15196 
31581 
31583 
15200 
31585 
31591 
15208 
31595 
31597 
31599 
15223 
31608 
15227 
31612 
15233 
31620 
15239 
31624 
15241 
31632 
15249 
31634 
15251 
31636 
31638 
15255 
31640 
31644 
15261 
15263 
31648 
31650 
15267 
15271 
31656 
31658 
15275 
31660 
31662 
15279 
31664 
15281 
15283 
31668 
15285 
31670 
15287 
31672 
31674 
31680 
15297 
31682 
15301 
31688 
15305 
31690 
31694 
15311 
31698 
15315 
31701 
31703 
31707 
31709 
15327 
31713 
31717 
15333 
31719 
31723 
31725 
15341 
15343 
31729 
15349 
31735 
15351 
31739 
15355 
31741 
31743 
15361 
31747 
15363 
15365 
15367 
31753 
31757 
31759 
31763 
15381 
31767 
15384 
31769 
31771 
15388 
31773 
31777 
31779 
15396 
31781 
15398 
31783 
31787 
15408 
31793 
31795 
15412 
15414 
31801 
15418 
31809 
15430 
31815 
15432 
31817 
15434 
15436 
31821 
15438 
31823 
15440 
15442 
31827 
31829 
15446 
15448 
15450 
15452 
31838 
15454 
31842 
15458 
31844 
15460 
15462 
31848 
15464 
15466 
15468 
15470 
15472 
31858 
15476 
31862 
15480 
31866 
15484 
31870 
15486 
31872 
15490 
31879 
15496 
15498 
31883 
15502 
31887 
15506 
15508 
31893 
15510 
31895 
15514 
15516 
31901 
31903 
15520 
31907 
31909 
15526 
31911 
31913 
15530 
31917 
15534 
31921 
15538 
31923 
31925 
15542 
15544 
31929 
15546 
31933 
15550 
15552 
15556 
31942 
31947 
15564 
31949 
31954 
15570 
15576 
15580 
15582 
31970 
15586 
31976 
31978 
15598 
15600 
15602 
15604 
15606 
31992 
31994 
15610 
31996 
15614 
32003 
32010 
32012 
15628 
15630 
15632 
15634 
32019 
15636 
32022 
15638 
15640 
32030 
15646 
15648 
15650 
32036 
15652 
32038 
15656 
32042 
32045 
15662 
15664 
32049 
32051 
15672 
15674 
32059 
15676 
15678 
15680 
15682 
32067 
32069 
15686 
32071 
32073 
15690 
32075 
32077 
15694 
32079 
15696 
32081 
15698 
32085 
15702 
32087 
15704 
32089 
15706 
32091 
15708 
15710 
15712 
32101 
32105 
15721 
32107 
15723 
15727 
32115 
15731 
15733 
32119 
15735 
32121 
32123 
15739 
32127 
15747 
15749 
15751 
32137 
32141 
15759 
32145 
32147 
15763 
15765 
32150 
15767 
32152 
15771 
32159 
15775 
32161 
15777 
32163 
15779 
32165 
15781 
15785 
32173 
15789 
32175 
15793 
32179 
32183 
15799 
15801 
15806 
32197 
32199 
15817 
32203 
32205 
15822 
15824 
32209 
15826 
32211 
15828 
32213 
32215 
15832 
32217 
32219 
15836 
15840 
32225 
15842 
32229 
32231 
32235 
15852 
32237 
15854 
32239 
15856 
32244 
15860 
32246 
15862 
15866 
32252 
32254 
15872 
15876 
32262 
15882 
32274 
15892 
32278 
15894 
15896 
15898 
15900 
32285 
15902 
32287 
32289 
15906 
32292 
15908 
15910 
32298 
15918 
32304 
15920 
32312 
32314 
15931 
32318 
32320 
15936 
32324 
15940 
32328 
32332 
15952 
32338 
32340 
15956 
15958 
15962 
15964 
32350 
15966 
32354 
15972 
15974 
32359 
15978 
15982 
15986 
32371 
32373 
15990 
15992 
32377 
32379 
15996 
15998 
16000 
16002 
32387 
32389 
16006 
32393 
16010 
16012 
32399 
16016 
16018 
32403 
16020 
32405 
16022 
32407 
16024 
32411 
32415 
32417 
16035 
32421 
32426 
32428 
32432 
16049 
32435 
16051 
32437 
16055 
32441 
16057 
32443 
32445 
32447 
32451 
16067 
32453 
32457 
32461 
16078 
16080 
32465 
16082 
16084 
32471 
16090 
32475 
32479 
16096 
32481 
32483 
32487 
16104 
32491 
16108 
32493 
32495 
32497 
16114 
32499 
16116 
16118 
32503 
16122 
16126 
16129 
16131 
32517 
16133 
32519 
16135 
32523 
16139 
16143 
32529 
16145 
16147 
16151 
16153 
32539 
32543 
16159 
32545 
16161 
32547 
32551 
16167 
32553 
16171 
32557 
16177 
32563 
16179 
16183 
32569 
32571 
16187 
32573 
32575 
16191 
32577 
32581 
16197 
32584 
32588 
32592 
32594 
16215 
32600 
32604 
32608 
32610 
32612 
32618 
16240 
16242 
32628 
32630 
16246 
32634 
16250 
32636 
16253 
32640 
32645 
32652 
32658 
16278 
32668 
16284 
16286 
16288 
16292 
32682 
32688 
16307 
32696 
32698 
16314 
32702 
16320 
16324 
16326 
32712 
16329 
32716 
32718 
32720 
32724 
32726 
32728 
16347 
32732 
16353 
32738 
16357 
16359 
32744 
16361 
32746 
16367 
32758 
32760 
32763 
32765 
32767 
)

// ************************************************************************* //
